Number of In edges -(self references + multiple references) | Number of documents
0 21999853
1 5178174
2 3138161
3 2229606
4 1704042
5 1359883
6 1115109
7 934941
8 797365
9 686311
10 599056
11 525983
12 465025
13 416748
14 371960
15 336062
16 303675
17 276413
18 251187
19 229769
20 210784
21 194158
22 179896
23 166666
24 154040
25 143355
26 133597
27 123454
28 115922
29 108516
30 101224
31 94790
32 89769
33 84199
34 79038
35 74662
36 70586
37 66666
38 63237
39 59950
40 56753
41 54114
42 51415
43 48664
44 46740
45 44543
46 42446
47 40490
48 38634
49 37046
50 35260
51 34087
52 32430
53 30905
54 29627
55 28929
56 27590
57 26405
58 25345
59 24128
60 23400
61 22473
62 21996
63 21182
64 20280
65 19489
66 18885
67 18017
68 17586
69 16802
70 16221
71 15904
72 15513
73 14727
74 14384
75 13930
76 13439
77 13053
78 12579
79 12247
80 12083
81 11426
82 11179
83 10830
84 10558
85 10330
86 9912
87 9720
88 9412
89 9133
90 9070
91 8602
92 8476
93 8153
94 8050
95 7911
96 7641
97 7411
98 7312
99 7010
100 6848
101 6748
102 6525
103 6481
104 6197
105 6119
106 6018
107 5819
108 5715
109 5538
110 5424
111 5298
112 5202
113 5135
114 4935
115 4828
116 4801
117 4561
118 4467
119 4499
120 4407
121 4171
122 4060
123 4116
124 4072
125 4008
126 3845
127 3837
128 3772
129 3763
130 3565
131 3546
132 3377
133 3377
134 3260
135 3273
136 3147
137 3248
138 2976
139 2957
140 2898
141 2856
142 2861
143 2748
144 2716
145 2706
146 2600
147 2559
148 2626
149 2478
150 2398
151 2430
152 2346
153 2255
154 2290
155 2158
156 2230
157 2190
158 2120
159 2197
160 2036
161 2017
162 2052
163 2007
164 1900
165 1953
166 1924
167 1913
168 1790
169 1785
170 1810
171 1677
172 1830
173 1701
174 1726
175 1663
176 1663
177 1577
178 1616
179 1571
180 1560
181 1438
182 1572
183 1382
184 1504
185 1420
186 1440
187 1344
188 1327
189 1318
190 1373
191 1347
192 1313
193 1221
194 1255
195 1190
196 1229
197 1242
198 1193
199 1142
200 1129
201 1100
202 1110
203 1119
204 1054
205 1059
206 1055
207 1085
208 1001
209 1015
210 1009
211 1013
212 996
213 955
214 997
215 994
216 904
217 933
218 919
219 967
220 913
221 863
222 866
223 849
224 843
225 807
226 820
227 765
228 802
229 835
230 757
231 748
232 752
233 776
234 767
235 764
236 734
237 720
238 716
239 720
240 711
241 692
242 644
243 694
244 653
245 654
246 670
247 658
248 650
249 684
250 640
251 649
252 622
253 554
254 634
255 626
256 582
257 567
258 640
259 600
260 548
261 601
262 561
263 573
264 531
265 572
266 568
267 548
268 555
269 515
270 519
271 515
272 549
273 462
274 504
275 513
276 468
277 507
278 435
279 453
280 444
281 468
282 432
283 454
284 429
285 416
286 449
287 458
288 473
289 439
290 434
291 415
292 392
293 433
294 437
295 402
296 412
297 404
298 406
299 373
300 405
301 356
302 399
303 372
304 383
305 383
306 393
307 373
308 350
309 390
310 370
311 341
312 341
313 340
314 353
315 342
316 361
317 363
318 322
319 293
320 310
321 341
322 315
323 307
324 321
325 328
326 310
327 305
328 315
329 321
330 311
331 284
332 301
333 285
334 280
335 303
336 306
337 257
338 254
339 285
340 284
341 260
342 272
343 256
344 264
345 272
346 238
347 250
348 245
349 265
350 246
351 289
352 252
353 235
354 261
355 245
356 235
357 230
358 213
359 239
360 258
361 246
362 232
363 248
364 246
365 226
366 235
367 222
368 218
369 222
370 235
371 195
372 220
373 224
374 205
375 210
376 218
377 221
378 190
379 208
380 219
381 194
382 226
383 212
384 196
385 209
386 197
387 189
388 213
389 197
390 170
391 169
392 183
393 180
394 198
395 153
396 186
397 186
398 183
399 181
400 166
401 179
402 155
403 148
404 193
405 162
406 176
407 178
408 168
409 192
410 163
411 159
412 180
413 166
414 168
415 171
416 151
417 180
418 145
419 172
420 171
421 158
422 162
423 131
424 138
425 166
426 154
427 156
428 140
429 166
430 176
431 166
432 136
433 156
434 139
435 141
436 114
437 129
438 176
439 124
440 146
441 153
442 144
443 145
444 118
445 138
446 118
447 145
448 122
449 119
450 129
451 108
452 136
453 130
454 149
455 123
456 125
457 134
458 110
459 130
460 89
461 134
462 130
463 105
464 130
465 102
466 107
467 120
468 110
469 115
470 104
471 119
472 94
473 118
474 117
475 142
476 116
477 104
478 135
479 98
480 101
481 113
482 114
483 115
484 105
485 107
486 102
487 98
488 91
489 123
490 100
491 90
492 94
493 91
494 94
495 89
496 123
497 129
498 107
499 88
500 84
501 96
502 90
503 86
504 98
505 114
506 95
507 101
508 83
509 86
510 98
511 87
512 102
513 102
514 94
515 99
516 76
517 80
518 82
519 80
520 77
521 75
522 69
523 82
524 95
525 82
526 60
527 76
528 77
529 98
530 68
531 82
532 73
533 90
534 87
535 81
536 84
537 79
538 77
539 77
540 79
541 81
542 80
543 67
544 101
545 72
546 93
547 70
548 84
549 78
550 73
551 74
552 75
553 70
554 56
555 81
556 71
557 68
558 70
559 83
560 76
561 74
562 66
563 63
564 66
565 68
566 63
567 57
568 57
569 74
570 58
571 69
572 75
573 78
574 69
575 78
576 75
577 68
578 72
579 74
580 66
581 66
582 68
583 51
584 58
585 54
586 72
587 89
588 51
589 56
590 56
591 66
592 61
593 56
594 56
595 62
596 42
597 71
598 71
599 65
600 57
601 67
602 64
603 72
604 68
605 60
606 48
607 58
608 51
609 47
610 60
611 53
612 60
613 52
614 51
615 45
616 65
617 50
618 68
619 45
620 40
621 56
622 43
623 49
624 37
625 43
626 39
627 47
628 64
629 42
630 46
631 47
632 42
633 47
634 47
635 49
636 43
637 49
638 54
639 45
640 40
641 49
642 46
643 42
644 65
645 51
646 50
647 52
648 35
649 57
650 48
651 47
652 30
653 45
654 35
655 47
656 52
657 53
658 51
659 43
660 43
661 47
662 51
663 45
664 42
665 44
666 48
667 52
668 33
669 39
670 47
671 44
672 45
673 50
674 40
675 39
676 34
677 37
678 43
679 36
680 46
681 36
682 45
683 29
684 45
685 32
686 26
687 41
688 49
689 39
690 41
691 30
692 39
693 26
694 45
695 43
696 45
697 28
698 46
699 44
700 41
701 36
702 37
703 34
704 37
705 37
706 26
707 31
708 36
709 43
710 45
711 35
712 25
713 39
714 43
715 37
716 43
717 32
718 31
719 37
720 23
721 39
722 38
723 34
724 33
725 26
726 35
727 46
728 39
729 42
730 28
731 31
732 33
733 28
734 29
735 21
736 30
737 32
738 25
739 27
740 21
741 41
742 27
743 31
744 26
745 26
746 28
747 28
748 32
749 34
750 23
751 39
752 30
753 32
754 38
755 41
756 36
757 34
758 30
759 32
760 38
761 34
762 36
763 27
764 35
765 31
766 29
767 32
768 17
769 29
770 18
771 21
772 20
773 28
774 43
775 34
776 30
777 32
778 35
779 22
780 31
781 22
782 34
783 27
784 23
785 23
786 31
787 19
788 31
789 31
790 25
791 22
792 23
793 30
794 33
795 27
796 17
797 16
798 28
799 23
800 27
801 24
802 17
803 25
804 24
805 19
806 30
807 23
808 21
809 23
810 22
811 17
812 25
813 23
814 18
815 25
816 29
817 19
818 26
819 17
820 24
821 27
822 22
823 24
824 25
825 24
826 22
827 27
828 19
829 15
830 21
831 18
832 32
833 23
834 20
835 22
836 20
837 24
838 28
839 22
840 14
841 19
842 26
843 30
844 14
845 21
846 18
847 25
848 19
849 28
850 25
851 19
852 29
853 21
854 28
855 15
856 29
857 20
858 28
859 24
860 20
861 18
862 20
863 27
864 17
865 26
866 31
867 18
868 27
869 24
870 18
871 14
872 20
873 19
874 19
875 26
876 23
877 17
878 17
879 15
880 17
881 29
882 22
883 21
884 17
885 17
886 17
887 28
888 14
889 16
890 20
891 14
892 17
893 28
894 17
895 16
896 21
897 13
898 15
899 25
900 15
901 16
902 18
903 26
904 24
905 22
906 18
907 27
908 16
909 13
910 29
911 13
912 20
913 19
914 24
915 15
916 18
917 18
918 19
919 16
920 22
921 12
922 25
923 13
924 24
925 19
926 18
927 24
928 22
929 16
930 18
931 17
932 25
933 16
934 20
935 15
936 16
937 24
938 24
939 16
940 10
941 17
942 13
943 12
944 17
945 11
946 10
947 12
948 18
949 11
950 19
951 12
952 15
953 19
954 17
955 20
956 18
957 9
958 11
959 14
960 15
961 9
962 16
963 24
964 12
965 18
966 14
967 23
968 20
969 10
970 16
971 14
972 12
973 17
974 16
975 11
976 15
977 12
978 14
979 11
980 12
981 15
982 8
983 10
984 15
985 11
986 17
987 7
988 13
989 20
990 12
991 10
992 14
993 18
994 12
995 18
996 14
997 13
998 15
999 19
1000 15
1001 18
1002 15
1003 13
1004 17
1005 17
1006 11
1007 10
1008 18
1009 11
1010 14
1011 16
1012 9
1013 8
1014 22
1015 13
1016 13
1017 13
1018 6
1019 9
1020 17
1021 20
1022 13
1023 20
1024 2
1025 9
1026 11
1027 19
1028 15
1029 10
1030 9
1031 10
1032 7
1033 8
1034 12
1035 11
1036 6
1037 8
1038 11
1039 11
1040 7
1041 20
1042 12
1043 17
1044 10
1045 15
1046 8
1047 17
1048 5
1049 13
1050 13
1051 9
1052 11
1053 12
1054 8
1055 8
1056 14
1057 11
1058 12
1059 12
1060 17
1061 13
1062 12
1063 17
1064 12
1065 14
1066 12
1067 13
1068 15
1069 13
1070 6
1071 7
1072 12
1073 10
1074 8
1075 10
1076 10
1077 7
1078 8
1079 15
1080 10
1081 13
1082 11
1083 15
1084 8
1085 10
1086 12
1087 8
1088 11
1089 7
1090 10
1091 9
1092 18
1093 11
1094 6
1095 10
1096 9
1097 6
1098 9
1099 7
1100 8
1101 18
1102 10
1103 7
1104 11
1105 7
1106 12
1107 12
1108 11
1109 12
1110 8
1111 11
1112 12
1113 17
1114 12
1115 5
1116 10
1117 16
1118 12
1119 8
1120 10
1121 15
1122 10
1123 12
1124 9
1125 5
1126 13
1127 10
1128 13
1129 7
1130 10
1131 10
1132 14
1133 9
1134 8
1135 15
1136 8
1137 5
1138 8
1139 4
1140 10
1141 12
1142 14
1143 11
1144 14
1145 8
1146 4
1147 8
1148 9
1149 6
1150 9
1151 7
1152 9
1153 10
1154 13
1155 9
1156 9
1157 13
1158 11
1159 19
1160 15
1161 10
1162 9
1163 8
1164 7
1165 8
1166 8
1167 11
1168 15
1169 7
1170 10
1171 2
1172 10
1173 5
1174 10
1175 8
1176 4
1177 8
1178 12
1179 6
1180 9
1181 8
1182 10
1183 9
1184 7
1185 11
1186 7
1187 10
1188 6
1189 5
1190 10
1191 6
1192 8
1193 7
1194 10
1195 6
1196 11
1197 12
1198 7
1199 12
1200 6
1201 15
1202 11
1203 12
1204 10
1205 6
1206 10
1207 7
1208 10
1209 11
1210 2
1211 5
1212 9
1213 9
1214 11
1215 11
1216 5
1217 9
1218 8
1219 11
1220 5
1221 7
1222 12
1223 8
1224 10
1225 10
1226 3
1227 3
1228 10
1229 8
1230 8
1231 3
1232 10
1233 10
1234 5
1235 7
1236 7
1237 6
1238 12
1239 11
1240 11
1241 6
1242 8
1243 8
1244 6
1245 8
1246 12
1247 10
1248 6
1249 7
1250 5
1251 10
1252 11
1253 9
1254 6
1255 4
1256 5
1257 8
1258 8
1259 5
1260 10
1261 7
1262 8
1263 5
1264 6
1265 5
1266 11
1267 6
1268 8
1269 8
1270 4
1271 8
1272 10
1273 3
1274 4
1275 5
1276 7
1277 2
1278 7
1279 10
1280 1
1281 5
1282 10
1283 4
1284 7
1285 5
1286 8
1287 5
1288 5
1289 6
1290 7
1291 5
1292 6
1293 7
1294 11
1295 13
1296 7
1297 11
1298 10
1299 7
1300 3
1301 7
1302 4
1303 7
1304 5
1305 7
1306 8
1307 5
1308 3
1309 8
1310 9
1311 6
1312 8
1313 5
1314 3
1315 9
1316 3
1317 5
1318 8
1319 5
1320 8
1321 5
1322 7
1323 6
1324 6
1325 1
1326 6
1327 3
1328 9
1329 6
1330 5
1331 10
1332 14
1333 6
1334 5
1335 6
1336 5
1337 10
1338 6
1339 1
1340 5
1341 5
1342 4
1343 9
1344 7
1345 3
1346 7
1347 6
1348 2
1349 6
1350 5
1351 3
1352 9
1353 11
1354 5
1355 5
1356 6
1357 8
1358 8
1359 3
1360 4
1361 6
1362 8
1363 5
1364 6
1365 8
1366 7
1367 7
1368 5
1369 3
1370 10
1371 4
1372 6
1373 6
1374 5
1375 7
1376 6
1377 6
1378 6
1379 7
1380 7
1381 3
1382 7
1383 3
1384 4
1385 7
1386 3
1387 6
1388 2
1389 6
1390 6
1391 4
1392 5
1393 9
1394 8
1395 4
1396 7
1397 5
1398 11
1399 3
1400 10
1401 8
1402 9
1403 4
1404 5
1405 4
1406 5
1407 3
1408 5
1409 6
1410 9
1411 8
1412 8
1413 3
1414 4
1415 5
1416 5
1417 3
1418 7
1419 4
1420 3
1421 7
1422 5
1423 2
1424 4
1425 3
1426 4
1427 5
1428 5
1429 4
1430 3
1431 6
1432 5
1433 3
1434 1
1435 4
1436 1
1437 1
1438 5
1439 5
1440 4
1441 7
1442 6
1443 3
1444 1
1445 7
1446 2
1447 5
1448 6
1449 3
1450 9
1451 6
1452 3
1453 2
1454 5
1455 2
1456 4
1457 5
1458 6
1459 3
1460 9
1461 7
1462 5
1463 8
1464 6
1465 4
1466 5
1467 4
1468 6
1469 7
1470 4
1471 5
1472 4
1473 4
1474 3
1475 3
1476 5
1477 2
1478 5
1479 6
1480 4
1481 4
1482 6
1483 6
1484 8
1485 8
1486 4
1487 6
1488 3
1489 5
1490 4
1491 4
1492 1
1493 10
1494 3
1495 9
1496 2
1497 3
1498 1
1499 8
1500 4
1501 6
1502 1
1503 7
1504 5
1505 2
1506 6
1507 7
1508 8
1509 2
1510 9
1511 3
1512 7
1513 4
1514 1
1515 3
1516 8
1517 8
1518 1
1519 4
1520 6
1521 3
1522 4
1523 7
1524 6
1525 5
1526 7
1527 3
1528 2
1529 5
1530 3
1531 4
1532 2
1533 8
1534 2
1535 6
1536 4
1537 1
1538 2
1539 4
1540 2
1541 6
1542 4
1543 6
1544 5
1545 6
1546 4
1547 4
1548 5
1549 4
1550 4
1551 6
1552 5
1553 3
1554 1
1555 5
1556 5
1557 6
1558 2
1559 5
1560 7
1561 5
1562 4
1563 3
1564 3
1565 3
1566 3
1567 4
1568 1
1569 3
1570 6
1571 3
1572 9
1573 3
1574 6
1575 3
1576 4
1577 5
1578 4
1579 5
1580 2
1581 5
1582 4
1583 3
1584 2
1586 3
1587 3
1588 2
1589 2
1590 3
1591 3
1592 4
1593 3
1594 9
1595 3
1596 5
1597 8
1598 3
1599 4
1600 4
1601 8
1602 4
1604 4
1605 5
1606 6
1607 3
1608 2
1609 5
1610 5
1611 3
1612 2
1613 5
1614 1
1615 4
1616 2
1617 3
1618 3
1619 3
1620 2
1621 9
1622 2
1623 1
1624 3
1625 2
1626 8
1627 5
1628 1
1629 5
1630 8
1631 2
1632 3
1633 4
1634 3
1635 3
1637 3
1638 1
1639 4
1640 1
1641 3
1642 1
1643 2
1644 1
1645 4
1646 3
1647 6
1648 7
1649 5
1650 6
1651 3
1652 3
1653 5
1654 5
1655 4
1656 5
1657 1
1658 2
1659 3
1660 2
1661 3
1662 3
1663 2
1664 3
1665 7
1666 1
1667 3
1668 1
1669 3
1670 4
1671 2
1672 2
1673 1
1674 1
1675 1
1676 6
1677 1
1678 4
1679 5
1680 1
1681 2
1682 3
1683 1
1684 4
1685 2
1686 4
1687 2
1688 5
1689 3
1690 3
1691 7
1692 7
1693 2
1694 1
1695 2
1696 5
1697 3
1698 4
1699 2
1700 4
1701 2
1703 1
1704 3
1705 5
1706 5
1707 3
1708 5
1709 4
1710 4
1711 3
1712 4
1713 2
1714 1
1715 4
1716 4
1717 3
1718 4
1719 3
1720 2
1721 7
1722 3
1724 1
1725 1
1726 2
1727 5
1728 2
1729 6
1730 3
1731 7
1732 5
1733 3
1734 2
1735 2
1737 3
1739 3
1740 2
1741 1
1742 2
1743 4
1745 1
1747 3
1748 4
1749 2
1750 3
1751 2
1752 6
1753 4
1754 3
1755 4
1756 2
1757 4
1758 2
1759 1
1760 1
1762 1
1763 4
1764 4
1766 1
1767 6
1768 3
1770 6
1771 3
1772 3
1773 2
1774 1
1775 3
1776 3
1777 4
1778 5
1779 4
1780 5
1781 3
1782 1
1783 4
1784 4
1785 3
1786 2
1787 4
1788 2
1790 4
1791 2
1792 4
1793 1
1794 2
1795 5
1797 4
1798 7
1799 2
1800 5
1801 4
1802 2
1803 2
1804 3
1805 1
1806 1
1807 3
1808 6
1810 2
1812 5
1813 2
1815 6
1816 2
1817 4
1818 2
1819 2
1820 3
1821 2
1822 3
1823 4
1824 5
1825 1
1826 3
1828 2
1829 4
1830 4
1831 1
1832 1
1833 6
1834 1
1835 1
1836 1
1837 1
1838 2
1839 3
1840 2
1841 1
1842 2
1843 3
1844 4
1845 3
1846 1
1848 1
1849 2
1850 3
1851 2
1852 2
1853 1
1854 2
1856 1
1857 2
1858 1
1859 4
1860 2
1861 2
1862 2
1863 1
1864 7
1865 1
1866 1
1867 5
1868 1
1869 2
1870 3
1871 3
1872 1
1873 2
1874 2
1875 2
1876 1
1877 1
1878 4
1879 4
1880 3
1881 3
1882 2
1883 4
1884 4
1885 4
1886 1
1887 2
1888 2
1889 1
1890 2
1891 5
1892 2
1893 4
1894 4
1895 5
1896 2
1897 2
1898 3
1899 2
1901 1
1902 3
1904 3
1905 2
1906 3
1907 3
1908 3
1909 1
1910 3
1911 1
1913 5
1914 3
1915 3
1917 2
1918 1
1919 3
1920 2
1921 2
1922 1
1923 1
1924 1
1925 3
1926 4
1927 1
1928 2
1929 1
1930 1
1931 1
1932 2
1933 3
1934 4
1935 2
1938 3
1939 1
1940 3
1941 3
1942 3
1943 2
1945 2
1948 2
1949 2
1950 4
1951 1
1953 2
1954 1
1956 4
1957 3
1958 1
1959 3
1960 3
1961 2
1962 4
1963 3
1964 1
1965 6
1966 2
1967 2
1968 1
1969 3
1971 1
1973 3
1974 6
1975 1
1976 5
1977 1
1978 4
1979 2
1980 2
1981 3
1982 4
1983 3
1984 1
1985 4
1987 2
1989 4
1990 2
1991 2
1992 4
1993 2
1994 3
1995 5
1996 1
1997 1
1998 1
1999 5
2000 3
2003 2
2004 2
2005 1
2006 1
2007 2
2008 1
2009 6
2010 2
2011 1
2012 2
2013 3
2014 1
2015 3
2016 2
2017 2
2018 2
2019 1
2020 2
2021 4
2022 3
2023 4
2024 2
2025 1
2026 3
2027 2
2028 3
2029 1
2030 2
2031 2
2032 3
2033 2
2034 4
2035 3
2036 2
2037 2
2038 1
2039 2
2040 1
2041 4
2042 2
2043 2
2044 1
2045 2
2046 3
2047 2
2048 3
2049 1
2050 1
2052 1
2053 3
2054 2
2055 1
2056 2
2059 3
2061 3
2062 2
2063 2
2064 3
2065 1
2066 4
2068 3
2069 2
2070 3
2071 1
2072 2
2073 2
2074 1
2075 2
2076 1
2077 2
2078 4
2079 2
2080 1
2081 3
2082 3
2083 1
2084 1
2086 5
2088 1
2089 3
2090 1
2092 2
2093 1
2094 1
2095 3
2096 1
2098 4
2099 1
2100 3
2101 3
2102 2
2103 1
2104 1
2105 3
2107 2
2109 3
2110 2
2111 1
2112 2
2114 1
2115 2
2116 4
2118 1
2119 1
2120 1
2121 1
2122 1
2123 5
2125 1
2126 2
2127 3
2128 3
2129 3
2130 5
2131 3
2132 2
2133 2
2134 1
2135 1
2136 2
2137 1
2139 1
2140 5
2141 1
2142 2
2143 2
2144 1
2145 1
2146 1
2147 2
2148 2
2149 2
2150 3
2151 2
2152 3
2154 3
2155 4
2156 3
2157 1
2158 1
2159 3
2160 2
2161 2
2162 2
2163 1
2166 1
2167 2
2171 2
2173 2
2175 1
2176 1
2177 4
2178 2
2179 1
2180 1
2181 2
2182 1
2183 1
2184 1
2185 2
2186 1
2187 1
2189 1
2190 1
2191 1
2193 1
2194 2
2195 2
2198 4
2199 1
2200 1
2201 2
2202 2
2203 1
2204 1
2205 2
2206 1
2208 2
2209 1
2210 3
2211 2
2212 2
2217 4
2218 1
2219 1
2222 1
2223 2
2224 1
2225 2
2226 2
2227 1
2228 2
2229 2
2230 1
2231 2
2233 1
2234 2
2237 2
2238 1
2239 1
2242 3
2243 1
2245 1
2246 2
2247 3
2249 2
2250 2
2251 1
2253 1
2256 1
2257 1
2258 2
2260 1
2261 3
2264 1
2267 1
2268 2
2269 1
2270 5
2272 2
2273 1
2274 4
2275 2
2276 1
2277 2
2280 3
2281 2
2285 1
2288 1
2290 2
2291 1
2293 1
2294 1
2295 2
2296 1
2297 3
2298 1
2299 1
2301 1
2302 3
2303 1
2304 1
2306 3
2308 1
2310 3
2312 1
2315 1
2316 1
2317 2
2318 1
2319 3
2320 1
2321 4
2322 3
2324 2
2325 2
2326 3
2327 3
2330 2
2331 2
2333 1
2335 1
2337 1
2338 2
2339 1
2340 2
2341 1
2343 1
2345 1
2348 1
2349 2
2351 3
2352 1
2353 2
2354 4
2355 2
2356 1
2357 1
2359 2
2360 1
2361 2
2362 1
2363 1
2366 3
2367 1
2369 1
2371 2
2372 1
2373 2
2374 1
2376 2
2377 1
2378 1
2379 1
2380 1
2381 1
2382 1
2383 4
2384 2
2385 1
2387 1
2388 1
2389 1
2392 2
2393 1
2394 4
2395 1
2396 3
2397 2
2398 3
2399 2
2400 1
2401 1
2402 3
2403 1
2404 3
2405 5
2406 1
2407 2
2408 2
2409 1
2411 1
2412 2
2413 1
2414 1
2415 1
2417 1
2418 1
2419 2
2420 1
2421 3
2422 2
2423 1
2425 2
2428 1
2431 1
2433 3
2435 1
2436 3
2439 3
2441 2
2444 2
2446 1
2448 1
2454 1
2455 3
2457 3
2459 4
2463 2
2464 1
2466 1
2467 2
2468 3
2469 1
2470 1
2472 3
2473 1
2474 1
2475 2
2476 1
2477 3
2478 1
2480 1
2483 2
2484 1
2486 2
2488 2
2489 1
2490 3
2492 1
2493 1
2494 3
2497 1
2498 2
2499 2
2500 1
2503 1
2504 2
2505 2
2507 2
2508 1
2509 2
2512 1
2515 2
2516 2
2518 1
2520 2
2523 2
2527 3
2528 2
2529 1
2530 1
2531 1
2534 2
2535 2
2536 1
2538 1
2540 1
2541 1
2542 2
2546 2
2547 3
2549 4
2551 1
2553 1
2554 1
2556 2
2557 1
2558 2
2559 1
2560 1
2562 2
2563 1
2564 3
2567 2
2568 3
2570 1
2574 1
2575 2
2576 1
2577 1
2578 1
2579 1
2580 1
2581 2
2583 1
2584 1
2586 2
2587 2
2588 2
2590 3
2591 1
2593 2
2594 1
2596 1
2602 1
2603 1
2604 1
2605 1
2606 1
2607 3
2608 1
2610 1
2611 3
2613 1
2615 1
2617 1
2618 1
2619 2
2622 1
2623 4
2624 3
2628 1
2629 3
2630 1
2631 1
2632 2
2634 3
2635 1
2638 1
2639 1
2640 1
2641 1
2643 1
2646 1
2647 1
2648 3
2649 1
2651 1
2652 1
2656 1
2657 1
2658 1
2659 1
2662 2
2665 2
2666 1
2667 1
2669 1
2672 4
2673 1
2674 3
2675 1
2676 1
2677 1
2679 1
2680 1
2681 1
2682 1
2684 1
2685 1
2686 1
2687 2
2689 1
2690 1
2698 1
2699 3
2701 1
2702 1
2704 1
2706 2
2707 1
2712 2
2713 1
2717 2
2718 1
2719 1
2722 1
2723 1
2724 1
2725 1
2728 1
2730 1
2731 2
2732 2
2733 2
2735 1
2736 1
2739 1
2740 1
2741 1
2743 2
2745 1
2746 1
2748 3
2749 1
2751 3
2752 1
2753 1
2756 1
2758 3
2759 2
2760 1
2764 1
2765 2
2770 1
2771 3
2772 1
2773 1
2775 2
2776 1
2777 1
2778 1
2781 1
2782 3
2783 1
2786 2
2787 2
2788 1
2789 1
2793 1
2794 1
2795 1
2796 1
2800 2
2801 1
2803 3
2805 1
2808 1
2810 1
2812 1
2813 1
2816 1
2818 1
2819 1
2820 1
2821 1
2822 2
2831 2
2835 2
2838 1
2840 1
2843 1
2844 2
2846 1
2847 1
2848 1
2851 1
2857 1
2859 1
2861 1
2862 1
2863 1
2864 1
2867 1
2869 1
2870 2
2871 1
2872 1
2873 2
2874 1
2875 1
2876 1
2879 1
2882 1
2883 1
2884 2
2885 1
2886 3
2887 1
2888 2
2889 1
2890 1
2895 1
2896 1
2897 1
2899 1
2902 1
2904 1
2905 1
2906 3
2908 1
2910 2
2911 1
2912 1
2915 1
2919 2
2922 1
2923 2
2926 1
2930 1
2936 1
2938 2
2939 1
2940 2
2942 2
2943 1
2945 3
2946 1
2948 1
2957 1
2958 2
2959 1
2964 2
2967 2
2969 4
2971 1
2972 1
2974 2
2978 1
2981 3
2983 1
2984 1
2988 1
2990 2
2991 1
2996 1
2999 2
3000 1
3001 2
3003 1
3005 1
3007 1
3008 1
3010 1
3014 2
3018 1
3021 1
3023 2
3027 1
3032 1
3033 1
3037 1
3038 1
3040 1
3041 1
3043 1
3047 1
3050 1
3051 1
3052 2
3053 1
3054 2
3055 1
3056 1
3057 1
3060 1
3063 1
3064 2
3067 1
3068 3
3069 1
3070 1
3073 1
3075 2
3076 1
3077 2
3079 1
3083 1
3090 1
3092 1
3094 1
3096 1
3097 1
3100 1
3102 1
3106 1
3107 1
3113 2
3114 2
3116 1
3120 2
3124 1
3125 3
3129 2
3134 1
3136 1
3141 1
3142 2
3143 1
3144 1
3150 1
3153 1
3154 1
3164 2
3167 1
3173 1
3174 1
3175 1
3181 1
3184 1
3186 1
3189 2
3190 1
3196 1
3197 1
3199 1
3201 2
3202 1
3203 1
3209 1
3211 1
3215 1
3220 1
3223 1
3224 1
3226 1
3228 2
3231 2
3232 2
3234 2
3235 3
3236 2
3242 1
3243 1
3244 1
3245 1
3248 1
3250 1
3251 2
3255 1
3264 1
3266 1
3272 1
3284 1
3285 1
3286 1
3292 1
3295 1
3301 1
3302 1
3308 1
3311 1
3312 1
3313 1
3315 1
3319 1
3320 1
3323 1
3331 1
3333 1
3334 1
3336 1
3339 1
3340 1
3341 1
3344 1
3346 1
3358 1
3369 1
3374 1
3376 1
3377 1
3379 1
3380 1
3381 2
3385 1
3390 1
3391 1
3401 3
3403 1
3405 2
3406 3
3407 1
3408 1
3411 1
3412 1
3414 1
3415 1
3419 1
3421 1
3423 1
3428 1
3429 1
3436 1
3437 2
3445 1
3447 1
3453 1
3456 1
3463 2
3465 1
3466 1
3467 1
3468 1
3474 1
3475 2
3478 1
3480 1
3482 1
3485 1
3488 1
3489 2
3493 2
3497 1
3500 1
3501 1
3503 1
3504 1
3521 1
3522 1
3526 1
3527 1
3530 1
3531 2
3533 1
3536 1
3539 1
3540 2
3541 1
3542 1
3543 1
3545 1
3548 2
3557 1
3558 1
3560 1
3563 2
3564 2
3566 1
3568 1
3571 1
3577 1
3580 1
3584 1
3586 1
3588 1
3591 1
3592 1
3597 1
3599 1
3601 1
3603 1
3607 1
3608 1
3609 1
3611 1
3612 1
3620 2
3624 1
3625 1
3633 1
3634 1
3635 1
3637 2
3638 2
3642 1
3646 1
3649 1
3655 2
3657 2
3659 2
3661 1
3663 2
3664 1
3673 1
3674 1
3679 1
3686 1
3693 1
3696 2
3697 1
3701 2
3709 1
3711 1
3713 1
3720 1
3723 2
3724 1
3726 1
3729 1
3730 1
3734 1
3735 1
3737 1
3740 1
3741 1
3746 3
3747 1
3748 1
3751 2
3754 1
3760 1
3762 1
3763 1
3776 1
3783 1
3784 3
3788 1
3799 1
3802 1
3809 1
3815 2
3818 1
3820 1
3826 1
3827 1
3828 1
3829 1
3835 2
3837 1
3838 1
3841 1
3842 1
3847 1
3851 1
3852 1
3855 1
3859 1
3860 2
3863 1
3864 1
3869 1
3872 2
3877 1
3879 1
3884 1
3889 1
3891 1
3897 1
3898 2
3906 1
3907 1
3912 2
3924 1
3926 1
3931 1
3933 1
3936 1
3941 1
3942 1
3945 1
3946 1
3948 1
3957 2
3958 1
3963 1
3966 1
3969 1
3970 1
3973 1
3977 1
3994 3
3998 1
3999 2
4004 1
4005 2
4007 1
4012 1
4018 1
4019 1
4020 1
4021 1
4024 1
4035 1
4040 1
4043 1
4046 1
4051 1
4068 1
4069 1
4071 1
4077 1
4080 1
4081 1
4086 1
4090 1
4093 1
4100 1
4108 3
4118 1
4130 1
4134 1
4149 1
4152 1
4164 1
4168 1
4170 1
4171 2
4180 1
4181 1
4184 2
4185 1
4196 1
4215 1
4217 1
4218 1
4219 1
4223 1
4228 2
4230 1
4232 1
4234 1
4240 1
4245 1
4250 1
4258 2
4259 1
4263 1
4266 1
4270 1
4271 1
4276 1
4277 1
4278 1
4287 1
4296 1
4304 1
4305 1
4316 1
4318 2
4320 1
4332 2
4342 1
4344 2
4346 2
4347 1
4353 1
4364 1
4376 1
4379 1
4380 1
4382 1
4387 1
4390 1
4395 1
4396 1
4399 2
4410 1
4416 2
4421 1
4422 1
4428 1
4439 1
4441 1
4442 1
4444 1
4459 1
4460 1
4462 1
4465 1
4466 1
4467 1
4474 1
4479 1
4482 2
4488 1
4501 1
4504 1
4510 1
4512 1
4515 1
4525 1
4527 1
4528 1
4538 1
4543 1
4549 1
4554 1
4559 1
4561 1
4563 1
4565 1
4567 1
4576 2
4581 1
4583 1
4596 1
4597 1
4601 1
4603 1
4623 1
4630 1
4638 1
4649 1
4653 1
4668 1
4673 1
4674 1
4676 1
4677 1
4679 1
4685 1
4688 1
4700 1
4705 2
4708 1
4713 1
4714 1
4718 1
4726 1
4737 1
4745 1
4755 1
4758 1
4764 1
4787 1
4788 1
4798 1
4806 2
4813 1
4832 1
4844 1
4845 1
4847 1
4851 1
4856 1
4868 1
4873 1
4877 1
4893 1
4895 1
4901 1
4908 2
4909 1
4916 1
4918 1
4922 1
4931 1
4938 1
4940 1
4950 1
4951 1
4969 1
4972 2
4984 1
5004 1
5006 1
5011 1
5014 1
5024 2
5025 1
5029 1
5038 1
5040 1
5042 2
5044 2
5045 1
5046 1
5047 1
5059 1
5060 1
5064 1
5071 1
5072 1
5093 1
5128 1
5142 1
5151 1
5158 1
5181 2
5183 1
5188 1
5193 2
5200 1
5201 1
5203 1
5204 1
5209 1
5211 1
5217 1
5218 1
5229 1
5254 2
5257 1
5259 1
5265 1
5269 1
5271 1
5276 1
5289 1
5296 1
5302 1
5307 1
5327 1
5330 1
5343 1
5364 1
5417 1
5420 1
5434 1
5444 1
5453 1
5460 1
5464 1
5479 1
5484 1
5493 1
5504 1
5511 1
5517 1
5518 1
5526 1
5531 1
5543 1
5579 1
5593 1
5604 1
5631 1
5652 2
5664 1
5669 1
5675 1
5683 1
5684 1
5688 1
5709 1
5719 1
5720 1
5732 1
5759 1
5762 1
5763 1
5765 1
5779 1
5781 1
5797 1
5803 1
5814 1
5849 1
5859 2
5878 1
5879 1
5891 1
5894 1
5901 1
5907 1
5910 1
5982 1
6003 1
6008 1
6011 1
6020 1
6043 1
6049 1
6051 1
6060 1
6069 1
6076 1
6098 1
6122 1
6131 1
6177 1
6191 1
6196 1
6201 1
6221 1
6252 1
6306 1
6327 1
6329 1
6336 1
6337 1
6357 1
6389 1
6394 1
6412 1
6419 1
6421 1
6444 1
6445 1
6462 1
6464 1
6485 1
6486 1
6494 1
6511 1
6517 1
6528 1
6564 1
6572 1
6580 1
6597 1
6599 1
6611 1
6616 1
6634 1
6650 1
6656 1
6671 1
6672 1
6683 1
6699 1
6722 1
6743 1
6745 1
6768 1
6770 1
6777 1
6783 1
6799 1
6825 1
6830 1
6837 1
6845 1
6863 1
6864 1
6877 1
6883 1
6884 1
6941 1
6942 1
6950 1
6963 1
6966 1
6989 1
7118 1
7123 1
7199 1
7207 1
7242 1
7249 1
7273 1
7299 1
7329 1
7365 1
7383 1
7406 1
7457 1
7459 1
7482 1
7486 1
7502 1
7509 1
7520 1
7525 1
7561 1
7592 1
7603 1
7613 1
7626 1
7630 1
7668 1
7687 1
7701 1
7705 1
7707 1
7767 1
7768 1
7781 1
7788 1
7806 1
7819 1
7823 1
7837 1
7845 1
7905 1
7909 1
7919 1
8035 1
8036 1
8099 1
8129 1
8168 1
8221 1
8245 1
8257 1
8269 1
8292 1
8347 1
8349 1
8368 2
8410 1
8414 1
8473 1
8492 1
8506 1
8607 1
8706 1
8716 1
8777 1
8829 1
8912 1
9052 1
9071 1
9121 1
9217 2
9243 1
9469 1
9601 1
9623 1
9707 1
9797 1
9882 1
9940 1
9956 1
10012 1
10077 1
10085 1
10130 1
10172 1
10229 1
10268 1
10294 1
10312 1
10353 1
10427 1
10433 1
10445 1
10531 1
10581 1
10583 1
10885 1
10912 1
10948 1
10972 1
11390 1
11407 1
11449 1
11483 1
11489 1
11620 1
11622 1
11873 1
12019 1
12104 1
12145 1
12430 1
12458 1
12597 1
12626 1
12661 1
12678 1
12738 1
12805 1
13097 1
13117 1
13119 1
13187 1
13373 1
13405 1
13411 1
13503 1
13729 1
13835 1
14011 1
14052 1
14060 1
14178 1
14214 1
14439 1
14552 1
14657 1
14917 1
14997 1
15316 1
15451 1
15586 1
15614 1
15719 1
15778 1
16051 1
16313 1
16485 1
16650 1
17147 1
17176 1
18005 1
19132 1
19798 1
19860 1
19861 1
19885 1
20056 1
22166 1
24119 1
24162 1
24791 1
25061 1
25104 1
26106 1
26771 1
27806 1
30855 1
31441 1
40379 1
55767 1
57012 1
