Number of Out edges -(self references + multiple references) | Number of documents
0 29978760
1 1149672
2 878615
3 787487
4 734130
5 693737
6 643459
7 610979
8 582433
9 552278
10 521807
11 481009
12 453824
13 431092
14 409338
15 387653
16 364017
17 348418
18 333707
19 318423
20 304581
21 288657
22 276853
23 264984
24 254785
25 242712
26 231799
27 221287
28 212659
29 202572
30 191997
31 181022
32 172045
33 164633
34 156558
35 149197
36 141253
37 134744
38 129009
39 121311
40 113967
41 107197
42 101486
43 96442
44 91604
45 86332
46 82632
47 78417
48 74616
49 70263
50 64958
51 60055
52 55952
53 52822
54 48993
55 46312
56 43876
57 41306
58 38984
59 36298
60 34235
61 32189
62 30701
63 28635
64 27147
65 25704
66 24349
67 23156
68 22233
69 20819
70 19628
71 18498
72 17753
73 16960
74 16245
75 15524
76 14549
77 14088
78 13201
79 12630
80 12076
81 11728
82 11340
83 10755
84 10462
85 10035
86 9678
87 9279
88 8737
89 8568
90 8391
91 8021
92 7763
93 7401
94 7194
95 7140
96 6975
97 6802
98 6306
99 6102
100 5919
101 5631
102 5427
103 5426
104 5039
105 4995
106 5010
107 4684
108 4677
109 4452
110 4333
111 4276
112 4136
113 4072
114 3923
115 3898
116 3839
117 3659
118 3598
119 3518
120 3442
121 3341
122 3145
123 3078
124 2992
125 3027
126 2939
127 2872
128 2781
129 2621
130 2670
131 2514
132 2506
133 2400
134 2391
135 2252
136 2317
137 2161
138 2147
139 2155
140 2088
141 2081
142 1992
143 1977
144 1826
145 1806
146 1740
147 1739
148 1821
149 1684
150 1715
151 1558
152 1511
153 1527
154 1491
155 1418
156 1439
157 1346
158 1378
159 1344
160 1349
161 1263
162 1298
163 1238
164 1155
165 1231
166 1136
167 1066
168 1105
169 1107
170 1046
171 1003
172 966
173 950
174 1025
175 999
176 901
177 873
178 1003
179 856
180 832
181 835
182 816
183 777
184 796
185 732
186 748
187 750
188 756
189 734
190 674
191 637
192 642
193 689
194 667
195 631
196 651
197 640
198 565
199 566
200 554
201 541
202 486
203 561
204 537
205 514
206 482
207 470
208 489
209 459
210 442
211 465
212 460
213 452
214 403
215 415
216 384
217 403
218 385
219 406
220 373
221 359
222 393
223 396
224 326
225 327
226 314
227 314
228 321
229 305
230 321
231 306
232 299
233 273
234 298
235 302
236 272
237 275
238 278
239 265
240 235
241 299
242 248
243 223
244 239
245 216
246 235
247 244
248 248
249 199
250 200
251 229
252 205
253 184
254 185
255 182
256 201
257 181
258 182
259 183
260 179
261 186
262 194
263 178
264 185
265 181
266 149
267 165
268 183
269 150
270 146
271 151
272 138
273 141
274 141
275 142
276 136
277 159
278 124
279 161
280 141
281 118
282 130
283 122
284 133
285 106
286 105
287 114
288 130
289 115
290 118
291 111
292 99
293 114
294 92
295 92
296 82
297 108
298 108
299 101
300 83
301 94
302 94
303 103
304 91
305 79
306 82
307 91
308 89
309 97
310 87
311 75
312 74
313 76
314 88
315 82
316 74
317 82
318 66
319 53
320 85
321 72
322 67
323 73
324 69
325 63
326 59
327 65
328 63
329 63
330 74
331 55
332 57
333 61
334 65
335 50
336 73
337 53
338 72
339 38
340 51
341 55
342 48
343 57
344 56
345 46
346 39
347 48
348 54
349 48
350 58
351 54
352 49
353 46
354 40
355 41
356 47
357 66
358 37
359 46
360 41
361 51
362 42
363 48
364 41
365 30
366 39
367 44
368 41
369 42
370 30
371 29
372 36
373 33
374 39
375 45
376 52
377 32
378 42
379 26
380 28
381 25
382 30
383 35
384 29
385 28
386 30
387 41
388 36
389 41
390 40
391 23
392 24
393 28
394 37
395 37
396 26
397 29
398 27
399 24
400 33
401 20
402 31
403 34
404 34
405 29
406 21
407 27
408 29
409 32
410 19
411 23
412 30
413 30
414 31
415 32
416 27
417 23
418 25
419 17
420 22
421 27
422 19
423 29
424 18
425 29
426 21
427 14
428 14
429 14
430 24
431 20
432 25
433 21
434 22
435 23
436 25
437 19
438 21
439 18
440 16
441 16
442 16
443 11
444 28
445 13
446 21
447 24
448 11
449 18
450 18
451 21
452 22
453 20
454 16
455 15
456 5
457 22
458 10
459 18
460 14
461 20
462 17
463 18
464 11
465 16
466 24
467 13
468 17
469 8
470 14
471 18
472 14
473 15
474 20
475 17
476 23
477 17
478 21
479 12
480 13
481 19
482 14
483 14
484 19
485 22
486 8
487 17
488 10
489 9
490 18
491 11
492 11
493 11
494 15
495 12
496 11
497 9
498 12
499 18
500 13
501 10
502 9
503 18
504 12
505 11
506 6
507 11
508 10
509 9
510 4
511 11
512 19
513 22
514 14
515 9
516 12
517 9
518 13
519 11
520 8
521 12
522 9
523 10
524 10
525 10
526 8
527 12
528 6
529 7
530 4
531 9
532 5
533 10
534 9
535 11
536 16
537 7
538 6
539 9
540 4
541 10
542 6
543 7
544 8
545 12
546 8
547 4
548 8
549 8
550 9
551 4
552 11
553 7
554 8
555 7
556 10
557 6
558 6
559 8
560 6
561 12
562 5
563 3
564 6
565 4
566 12
567 9
568 7
569 2
570 10
571 6
572 7
573 13
574 3
575 8
576 9
577 3
578 9
579 10
580 11
581 5
582 4
583 5
584 3
585 10
586 6
587 3
588 7
589 9
590 3
591 8
592 5
593 6
594 3
595 7
596 4
597 6
598 7
599 6
600 8
601 9
602 3
603 1
604 7
605 3
606 8
607 10
608 7
609 2
610 9
611 3
612 6
613 3
614 10
615 7
616 5
617 5
618 4
619 3
620 3
621 11
622 5
623 5
624 7
625 5
626 6
627 6
628 3
629 3
630 6
631 3
632 7
633 7
634 3
635 8
636 1
638 3
639 2
640 7
641 10
642 4
643 1
644 4
645 5
646 3
647 2
648 11
649 7
650 8
651 4
652 5
653 1
654 2
655 6
656 3
657 3
658 3
659 5
660 6
661 2
662 4
663 5
664 8
665 6
666 3
667 2
668 2
669 7
670 4
671 2
672 4
673 4
674 2
676 3
677 2
678 3
680 6
681 3
682 4
683 2
684 5
685 4
686 1
687 5
688 6
689 4
690 3
691 5
692 4
693 2
694 3
695 3
696 1
697 2
698 6
699 4
700 5
701 2
702 4
703 4
704 6
705 1
706 3
707 3
708 7
709 1
710 3
711 4
712 2
713 2
714 7
715 2
716 3
717 1
718 3
719 2
720 2
721 4
723 1
724 4
725 2
726 4
727 3
728 1
729 1
730 3
731 3
732 3
733 4
734 1
735 2
736 2
739 2
740 4
741 2
742 1
743 1
744 3
745 4
746 4
747 2
748 2
749 1
750 2
751 2
752 3
753 2
754 1
755 2
756 1
757 5
758 3
759 1
760 2
761 3
762 4
763 1
764 1
765 2
766 2
767 5
768 4
769 1
770 3
771 4
772 7
773 4
774 6
775 2
776 3
777 1
778 1
779 1
780 5
781 5
782 1
783 1
784 1
785 2
786 1
787 1
788 1
789 2
790 2
791 2
792 1
793 1
794 1
798 1
799 1
800 3
801 2
803 2
805 1
806 3
807 2
808 2
809 2
810 1
811 1
812 4
813 1
814 4
816 2
817 1
818 3
819 1
821 1
823 4
824 2
825 3
826 2
828 1
829 2
830 2
831 1
833 3
834 1
835 1
836 2
837 4
838 2
839 1
840 1
841 2
843 1
844 3
845 3
846 1
848 1
849 1
852 1
853 1
854 1
855 1
856 4
858 2
859 2
861 1
862 1
863 2
864 1
866 1
867 2
868 1
870 1
872 2
874 1
875 3
876 2
877 1
879 1
880 1
881 3
884 3
885 1
887 3
888 2
889 1
890 1
891 2
892 1
894 1
895 1
896 1
897 1
898 1
899 3
902 2
903 1
905 2
908 1
909 1
910 1
911 2
912 2
913 1
914 1
916 1
917 1
919 2
920 2
923 2
924 2
925 1
927 1
928 2
930 2
931 2
932 2
933 2
934 1
935 2
937 3
938 2
939 3
940 1
941 1
942 1
943 2
944 1
945 4
948 1
950 1
952 2
953 1
954 1
957 1
958 1
959 2
960 2
963 2
965 1
967 1
969 1
970 3
971 1
972 1
973 1
976 2
977 1
978 1
979 1
981 1
982 1
983 1
985 2
987 2
989 1
990 1
991 1
995 1
996 1
997 2
999 1
1002 1
1003 2
1005 2
1006 1
1007 1
1008 3
1009 1
1010 2
1013 1
1016 1
1018 2
1020 1
1021 1
1023 2
1024 2
1025 1
1026 1
1029 2
1035 1
1038 1
1040 1
1044 1
1045 1
1046 3
1051 1
1053 1
1057 2
1071 1
1072 1
1074 2
1075 1
1076 2
1077 1
1078 2
1080 4
1084 2
1086 1
1089 3
1090 1
1091 1
1096 2
1101 2
1102 1
1103 2
1104 1
1106 1
1107 1
1109 1
1111 1
1112 2
1113 1
1114 1
1116 1
1119 1
1121 1
1123 1
1125 2
1128 1
1130 1
1132 1
1136 3
1137 1
1138 1
1141 1
1143 2
1144 1
1147 1
1148 1
1150 3
1156 3
1158 1
1160 1
1164 1
1167 1
1168 1
1171 1
1172 1
1174 1
1182 1
1183 1
1185 1
1187 1
1188 1
1195 2
1197 1
1199 1
1202 2
1206 1
1212 2
1213 2
1224 1
1225 1
1230 2
1231 1
1239 1
1240 1
1245 1
1246 1
1251 1
1265 1
1267 1
1277 1
1290 1
1291 2
1292 2
1293 1
1296 1
1301 1
1307 1
1313 1
1318 1
1320 1
1321 1
1322 1
1324 1
1326 1
1332 2
1335 1
1340 1
1342 1
1345 1
1347 1
1349 1
1365 1
1367 1
1379 1
1388 1
1389 1
1397 1
1407 1
1409 1
1412 1
1432 1
1438 1
1442 1
1443 1
1446 1
1456 1
1457 1
1458 1
1460 1
1472 1
1473 1
1475 1
1485 1
1492 1
1503 1
1508 1
1527 1
1529 1
1530 1
1534 1
1535 1
1537 1
1544 1
1545 1
1554 1
1562 1
1584 1
1592 1
1594 1
1618 1
1626 1
1707 1
1714 1
1718 1
1752 1
1758 1
1784 1
1790 1
1795 1
1799 1
1818 1
1868 1
1871 1
1938 1
1996 1
2050 1
2065 1
2110 1
2146 1
2171 1
2177 1
2282 1
2471 1
2473 1
2766 1
3831 1
3861 1
4326 1
5405 1
5558 1
